function BarCMap = final_barcmap

%i hardcoded the RGB triplets for each bar. i'm sure there is some way
%to analyze the hierarchy image and pull the RGBs and organize them but
%that would be its own project

BarCMap = [128 128 128;
6 60 96;
42 104 151;
116 180 226;
116 180 226;
116 180 226;
116 180 226;
116 180 226;
116 180 226;
116 180 226;
42 104 151;
116 180 226;
116 180 226;
42 104 151;
116 180 226;
42 104 151;
116 180 226;
116 180 226;
116 180 226;
0 61 46;
62 106 93;
143 205 180;
143 205 180;
143 205 180;
143 205 180;
143 205 180;
143 205 180;
143 205 180;
62 106 93;
143 205 180;
143 205 180;
143 205 180;
62 106 93;
143 205 180;
143 205 180;
143 205 180;
62 106 93;
143 205 180;
143 205 180;
62 106 93;
143 205 180;
143 205 180;
62 106 93;
143 205 180;
129 52 6;
223 91 29;
255 195 99;
255 195 99;
255 195 99;
255 195 99;
255 195 99;
255 195 99;
255 195 99;
255 195 99;
255 195 99]/256;

